Disease ID,Disease Name,Fold Recall-at-100,Recall-at-25,Ranks,Mean Average Precision,Nodes,AUROC,Recall-at-100
C0027707,"Nephritis, Interstitial",0.7,0.1,809.8,0.0116668957207,4836.5,0.962463451989,0.4
C0019693,HIV Infections,0.504444444444,0.01,2335.41414141,0.00702525609311,5190.14141414,0.890756309483,0.0911111111111
C0027659,"Neoplasms, Experimental",0.366666666667,0.0333333333333,3320.48484848,0.00302265168371,4415.90909091,0.849616706932,0.0916666666667
C1838979,MITOCHONDRIAL COMPLEX I DEFICIENCY,0.866666666667,0.416666666667,1634.51851852,0.043341183247,7992.37037037,0.931670537235,0.766666666667
C0001973,"Alcoholic Intoxication, Chronic",0.316666666667,0.0333333333333,5073.5,0.00243676034613,7103.73684211,0.774182311756,0.0833333333333
C0026636,Mouth Diseases,0.25,0.05,5876.66666667,0.00341586764027,8335.16666667,0.71563935948,0.05
C1527336,Sjogren's Syndrome,0.35,0.0,3762.91666667,0.000962367613401,6147.25,0.849716871664,0.1
C0027658,"Neoplasms, Germ Cell and Embryonal",0.25,0.0,7070.61538462,0.00111391976747,5933.0,0.710487838841,0.1
C0017658,Glomerulonephritis,0.516666666667,0.1,1882.89285714,0.0101647782528,4482.10714286,0.910695650828,0.283333333333
C0524620,Metabolic Syndrome X,0.175,0.0,5605.04878049,0.00108325613257,7817.48780488,0.740750139431,0.025
C0236969,Substance-Related Disorders,0.0863636363636,0.0,9162.95238095,0.00077197877564,9337.92380952,0.574446968284,0.0
C0273115,Lung Injury,0.35,0.05,4141.0,0.00345860604093,4596.2,0.807794725356,0.05
C0455806,Infant length,0.1,0.0,8629.54545455,0.000193984521401,12677.8181818,0.595511927968,0.0
C0002170,Alopecia,0.4,0.0,5546.78571429,0.000779350190185,7162.14285714,0.756542728496,0.0
C0010606,Adenoid Cystic Carcinoma,0.233333333333,0.0111111111111,5247.12121212,0.00345100995094,8656.15151515,0.756455194126,0.0733333333333
C0428977,Bradycardia,0.55,0.1,3264.625,0.00689078156607,3957.20833333,0.859863155776,0.233333333333
C0018781,Noise-induced hearing loss,0.4,0.2,3844.2,0.0349225028164,6968.2,0.821677802524,0.4
C0042900,Vitiligo,0.0666666666667,0.0,6076.32258065,0.000351830804574,9509.96774194,0.719863575831,0.0
C0035258,Restless Legs Syndrome,0.0,0.0,6821.66666667,0.000106302709503,6740.66666667,0.683510432617,0.0
C0020437,Hypercalcemia,0.7,0.1,2414.8,0.00686524914817,5568.3,0.887975124147,0.3
C0004782,Basal Ganglia Diseases,0.3,0.0,7348.66666667,0.000590749367743,4543.16666667,0.65978881411,0.0
C0038454,Cerebrovascular accident,0.441666666667,0.025,3685.37837838,0.00318524504008,5507.37837838,0.832881621747,0.0583333333333
C0008074,"Child Development Disorders, Pervasive",0.156666666667,0.02,5897.15384615,0.00311161283888,7516.55769231,0.728144385027,0.0766666666667
C0019284,Diaphragmatic Hernia,0.425,0.0,3996.15,0.00202739890954,5304.625,0.814395594181,0.05
C0282612,Prostatic Intraepithelial Neoplasias,0.6,0.1,1140.81818182,0.00546190674856,2530.36363636,0.94261347814,0.1
C1142166,Brugada Syndrome (disorder),0.4,0.05,5451.93333333,0.00168255921387,7133.8,0.779043264321,0.05
C0010278,Craniosynostosis,0.2,0.05,4427.09090909,0.00318689839628,9129.0,0.775399146013,0.15
C0005695,Bladder Neoplasm,0.218181818182,0.0481818181818,5567.50943396,0.00456639206729,5689.40566038,0.740420535597,0.0672727272727
C0006118,Brain Neoplasms,0.333333333333,0.05,4527.43478261,0.00447020083688,6392.0,0.804748305006,0.15
C0038587,Substance Withdrawal Syndrome,0.513333333333,0.0566666666667,3612.07692308,0.00683006429404,4401.32692308,0.83100798264,0.136666666667
C0018671,Head and Neck Neoplasms,0.3,0.0333333333333,4030.13043478,0.00688481428184,4120.91304348,0.810186217145,0.0333333333333
C0013990,Pathological accumulation of air in tissues,0.3,0.0,2698.3,0.00133342681045,4068.9,0.874817840071,0.1
C0018843,Heat Stroke,0.75,0.1,1241.0,0.020476487161,3729.08333333,0.958725922488,0.5
C0018772,"Hearing Loss, Partial",0.0,0.0,10647.4545455,0.000109854204388,12100.3636364,0.520044888167,0.0
C0011860,"Diabetes Mellitus, Non-Insulin-Dependent",0.213333333333,0.00666666666667,5595.81168831,0.00287772713817,5909.78571429,0.739337398184,0.02625
C0023434,Chronic Lymphocytic Leukemia,0.245,0.04,5770.42857143,0.00241963905848,8457.81632653,0.72991631021,0.04
C0008625,Chromosome Aberrations,0.35,0.1,4005.66666667,0.00377996005985,5352.26666667,0.81675099805,0.15
C0024115,Lung diseases,0.35,0.05,6131.24444444,0.00262228016993,6027.02222222,0.714963973596,0.05
C0034951,Refractive Errors,0.0,0.0,9493.27777778,0.000110971788784,7928.77777778,0.556509122986,0.0
C0038220,Status Epilepticus,0.457142857143,0.0285714285714,2642.94029851,0.00630616827525,4181.49253731,0.877078929292,0.145238095238
C0149931,Migraine Disorders,0.183333333333,0.0666666666667,7856.69230769,0.00393661606235,8827.96153846,0.633033765269,0.1
C0025500,Mesothelioma,0.245,0.05,4104.04878049,0.00290616370198,6067.90243902,0.81119236847,0.075
C0023794,Lipoidosis,0.15,0.05,6587.94736842,0.00378490243089,7578.15789474,0.689053068994,0.1
C0019196,Hepatitis C,0.25,0.0,4862.4,0.000516666318949,4580.46666667,0.76901866122,0.0
C0026691,Mucocutaneous Lymph Node Syndrome,0.15,0.0,7771.36363636,0.000566066983218,9334.90909091,0.638919056902,0.05
C3875321,Inflammatory dermatosis,0.0666666666667,0.0,7095.26470588,0.000405771702971,9036.0,0.673205601759,0.0
C1561643,Chronic Kidney Diseases,0.0,0.0,8670.04761905,0.000136068697777,8861.19047619,0.600016638806,0.0
C0162809,Kallmann Syndrome,0.2,0.05,9143.5,0.0503582468455,9422.05,0.575523517667,0.05
C0040411,Tongue Neoplasms,0.222222222222,0.0,4575.55555556,0.000939549737162,3533.33333333,0.787703937463,0.111111111111
C0014553,Absence Epilepsy,0.333333333333,0.0,5120.44444444,0.000740096092402,5414.11111111,0.762416723388,0.0
C0011849,Diabetes Mellitus,0.3,0.05,4091.17857143,0.00237195032069,6380.89285714,0.818885379411,0.0833333333333
C0025958,Microcephaly,0.416666666667,0.15,2321.7826087,0.00639468857863,7957.65217391,0.896611560014,0.15
C0016059,Fibrosis,0.55,0.0,3275.1,0.00424366276101,4322.55,0.847905725705,0.175
C0033687,Proteinuria,0.366666666667,0.025,4468.39473684,0.00305283852367,4789.92105263,0.790733382902,0.125
C0338480,Common Migraine,0.0,0.0,9343.54545455,0.000100599683481,9373.09090909,0.574807388842,0.0
C0002736,Amyotrophic Lateral Sclerosis,0.216666666667,0.0142857142857,6451.24615385,0.00183925579938,7944.92307692,0.701784052538,0.047619047619
C0020443,Hypercholesterolemia,0.3,0.0,5012.52380952,0.000996414341646,5111.14285714,0.766757986627,0.0
C0018273,Growth Disorders,0.0583333333333,0.0,6797.25,0.000351762668617,5862.34375,0.6871242741,0.0
C0206754,Neuroendocrine Tumors,0.5,0.1,1840.1,0.00555545673526,4884.2,0.914647050633,0.4
C0007273,Carotid Artery Diseases,0.2,0.0,4531.36363636,0.00150217081966,3418.90909091,0.777819548872,0.1
C0025261,Memory Disorders,0.183333333333,0.025,5227.80555556,0.00367272843757,5586.94444444,0.749419946409,0.05
C0014556,"Epilepsy, Temporal Lobe",0.483333333333,0.05,3384.65217391,0.00353065110992,6118.34782609,0.85316863255,0.0833333333333
C0011884,Diabetic Retinopathy,0.45,0.0,5234.0,0.00101969756015,7324.75,0.782969685716,0.0
C0023470,Myeloid Leukemia,0.35,0.0,3983.76470588,0.00307205059868,7748.35294118,0.826826833798,0.25
C1333990,Hereditary Nonpolyposis Colorectal Cancer,0.75,0.2,1524.30769231,0.0111093191294,5118.38461538,0.938428332714,0.35
C0007370,Catalepsy,0.55,0.0,2479.0,0.00263834077768,5024.2,0.874452232847,0.15
C0023487,Acute Promyelocytic Leukemia,0.416666666667,0.0333333333333,4232.31034483,0.00687767809073,4797.96551724,0.802874550972,0.0666666666667
C0023485,Precursor B-Cell Lymphoblastic Leukemia-Lymphoma,0.4,0.0,3216.18181818,0.00114224924411,8240.0,0.849770258981,0.0
C0018099,Gout,0.0,0.0,9274.2,7.7312698876e-05,7725.1,0.569629182717,0.0
C0043094,Weight Gain,0.145833333333,0.0111111111111,5733.52272727,0.0126290620903,7818.10227273,0.731976952557,0.0458333333333
C1956346,Coronary Artery Disease,0.164285714286,0.0,7229.15873016,0.000923993477952,7347.53968254,0.669436598032,0.0333333333333
C0009952,Febrile Convulsions,0.2,0.0,6683.81818182,0.000229329083758,7617.81818182,0.683351898264,0.0
C1861172,Venous Thromboembolism,0.333333333333,0.0333333333333,6198.80645161,0.00664899294602,8595.5483871,0.712065254421,0.133333333333
C0041948,Uremia,0.4,0.1,2331.47058824,0.0528336892031,3921.23529412,0.898107010214,0.15
C0022665,Kidney Neoplasm,0.383333333333,0.0,3343.18518519,0.00314735138501,5047.37037037,0.839507663725,0.0666666666667
C0008073,Developmental Disabilities,0.1,0.0,5461.10526316,0.000331406604898,6583.78947368,0.73083619649,0.0
C0740392,"Infarction, Middle Cerebral Artery",0.4,0.0333333333333,3252.28,0.00225068104547,4460.92,0.854095454827,0.133333333333
C0001430,Adenoma,0.191666666667,0.0,5570.78125,0.00130321610227,4462.59375,0.74385443283,0.0333333333333
C0008370,Cholestasis,0.308333333333,0.025,5237.76923077,0.00141131077891,6442.87179487,0.760615143911,0.025
C0002871,Anemia,0.316666666667,0.0666666666667,4753.15384615,0.00482151191737,5422.61538462,0.774107875466,0.133333333333
C0020542,Pulmonary Hypertension,0.233333333333,0.0,5061.22580645,0.00191213958704,5149.48387097,0.766424711202,0.1
C0887833,"Carcinoma, Pancreatic Ductal",0.4,0.1,3122.1,0.0133236007897,5234.85,0.855105167851,0.2
C0005910,Body Weight,0.1,0.0,9317.85714286,0.000694391165251,7679.21428571,0.556345448638,0.1
C1843367,Poor school performance,0.0,0.0,6696.61538462,0.000136375047674,11848.0,0.6822502785,0.0
C0018621,Hay fever,0.1,0.0,9677.3,0.000539392318946,7650.5,0.550833062607,0.0
C0265275,Jeune thoracic dystrophy,0.666666666667,0.0,1945.11111111,0.00245658670465,13767.2222222,0.909777654023,0.111111111111
C0238463,Papillary thyroid carcinoma,0.483333333333,0.0333333333333,2124.5,0.00722486133407,5515.15384615,0.908544269503,0.0833333333333
C0020538,Hypertensive disease,0.312865497076,0.016081871345,4132.05291005,0.00545776166222,5098.71957672,0.807231642222,0.037134502924
C1840235,SOLITARY MEDIAN MAXILLARY CENTRAL INCISOR,0.55,0.15,5693.57142857,0.00805070940536,5908.28571429,0.777000649863,0.4
C1112705,Nuclear non-senile cataract,0.5,0.2,3621.5,0.0254558815878,4209.41666667,0.79936644233,0.45
C0003811,Cardiac Arrhythmia,0.2,0.05,5025.6,0.0020722090266,4182.1,0.766722384733,0.05
C0036095,Salivary Gland Neoplasms,0.12,0.0,6092.77272727,0.000570910152052,7086.90909091,0.720711662716,0.0
C0017668,Focal glomerulosclerosis,0.6,0.133333333333,1608.31818182,0.0188002588995,5712.63636364,0.932657689033,0.25
C0040336,Tobacco Use Disorder,0.2,0.0,6899.90909091,0.00132532760169,4901.36363636,0.694869117238,0.1
C0013080,Down Syndrome,0.0522222222222,0.01,7855.71875,0.00322076069626,8472.89583333,0.635827806512,0.01
C0349639,Juvenile Myelomonocytic Leukemia,0.25,0.0,2935.84210526,0.00115853078416,4923.21052632,0.86778484539,0.05
C0027794,Neural Tube Defects,0.283333333333,0.0833333333333,6776.19230769,0.00526090385662,6071.23076923,0.69803616491,0.15
C0032273,Pneumoconiosis,0.05,0.0,8699.85714286,0.000191252228038,8370.78571429,0.538366290674,0.0
C0014859,Esophageal Neoplasms,0.452380952381,0.0309523809524,3363.10769231,0.00581554960976,5109.30769231,0.844958367676,0.0928571428571
C0009447,Common Variable Immunodeficiency,0.6,0.2,2245.25,0.0100414576374,6047.08333333,0.883687630541,0.25
C0007621,Neoplastic Cell Transformation,0.398611111111,0.0722222222222,3183.5,0.00779721101792,5402.58536585,0.850382130384,0.144444444444
C0002171,Alopecia Areata,0.333333333333,0.222222222222,4266.88888889,0.0161082105217,8803.77777778,0.802028546088,0.333333333333
C0008924,Cleft Lip,0.55,0.15,3203.72,0.0579398240297,4949.24,0.854401975355,0.333333333333
C0038013,Ankylosing spondylitis,0.25,0.0,4999.07142857,0.00148447619346,10177.5714286,0.752313976698,0.05
C0023343,Leprosy,0.2,0.05,6889.33333333,0.00199682939185,7582.61111111,0.671632852036,0.1
C0024232,Lymphatic Metastasis,0.25,0.0,5588.64285714,0.000980875596271,5805.07142857,0.78114236643,0.1
C0021655,Insulin Resistance,0.47,0.04,3198.39583333,0.00753725463459,4442.58333333,0.855622995025,0.105
C1261473,Sarcoma,0.35,0.2,2573.84615385,0.00779439793106,5908.46153846,0.871820460453,0.25
C1527249,Colorectal Cancer,0.216666666667,0.0,7624.82142857,0.000750159776147,8201.53571429,0.648245002864,0.0333333333333
C0009319,Colitis,0.3,0.0833333333333,4538.5,0.00580175929864,4950.91666667,0.790369819966,0.133333333333
C0015934,Fetal Growth Retardation,0.4,0.1,2670.7,0.019017881481,4053.2,0.876098760848,0.3
C0085129,Bronchial Hyperreactivity,0.2,0.0,7975.61538462,0.000354657538045,6826.46153846,0.602692164872,0.0
C0949658,"Cardiomyopathy, Hypertrophic, Familial",0.483333333333,0.0833333333333,3490.04545455,0.0547170180768,6346.59090909,0.833235817661,0.233333333333
C0027726,Nephrotic Syndrome,0.45,0.0,4099.80952381,0.00101882027557,3268.85714286,0.801851163943,0.0
C0004096,Asthma,0.179090909091,0.0,6974.51428571,0.0015460286025,6176.20952381,0.674390372587,0.0190909090909
C0036572,Seizures,0.21,0.01,5661.18085106,0.00306753479004,4766.80851064,0.735503786879,0.02
C0037286,Skin Neoplasms,0.395,0.07,3305.82978723,0.00598704309994,3385.17021277,0.847483031148,0.15
C0002395,Alzheimer's Disease,0.215238095238,0.00714285714286,6684.45138889,0.00946407509159,7557.22222222,0.687744460975,0.027619047619
C0567312,Menopause present (finding),0.0,0.0,7994.05882353,0.00016545106137,10487.8235294,0.628830083565,0.0
C0149925,Small cell carcinoma of lung,0.25,0.05,5380.825,0.00335206050094,6201.35,0.750042989264,0.175
C0334588,Giant Cell Glioblastoma,0.5,0.1,2811.25,0.00407022725229,4971.75,0.881568809469,0.25
C1959629,Seizure Adverse Event,0.0,0.0,7900.26315789,0.000133025679872,10387.7368421,0.637097223512,0.0
C0017178,Gastrointestinal Diseases,0.45,0.0,4499.75,0.00062191084151,5705.16666667,0.828642376421,0.0
C0035304,Retinal Degeneration,0.55,0.25,3558.73333333,0.111821315106,8175.53333333,0.857232383251,0.25
C0376358,Malignant neoplasm of prostate,0.111904761905,0.0166666666667,6889.12698413,0.00120442619435,10032.8095238,0.682457341362,0.0166666666667
C0235833,Congenital diaphragmatic hernia,0.5,0.0,4614.90909091,0.00208155745198,7695.63636364,0.771112967604,0.1
C0268237,Cytochrome-c Oxidase Deficiency,0.5,0.1,4214.69230769,0.0112380298336,9353.30769231,0.749600816933,0.15
C0017636,Glioblastoma,0.392857142857,0.0333333333333,3142.60655738,0.00502107010925,4516.47540984,0.853626809861,0.130952380952
C0033860,Psoriasis,0.22380952381,0.0333333333333,5854.8125,0.00357572068998,7925.34375,0.725406776957,0.0785714285714
C0268583,Methylmalonic acidemia,0.5,0.0,2849.7,0.00259977910334,9400.3,0.867791339862,0.2
C0019080,Hemorrhage,0.45,0.0,3600.5625,0.0018945895068,6980.625,0.825444501184,0.1
C0011616,Contact Dermatitis,0.228571428571,0.0,4435.08571429,0.00208176304746,4839.14285714,0.793777965414,0.0428571428571
C0010068,Coronary heart disease,0.213333333333,0.0,7871.57894737,0.000909005335385,8610.22807018,0.633647984496,0.0166666666667
C0011615,"Dermatitis, Atopic",0.3,0.1,4904.725,0.00847433150588,7234.325,0.772169098852,0.2
C0014170,Endometrial Neoplasms,0.34,0.04,3204.52,0.00343989579163,6660.2,0.851140558888,0.06
C0017638,Glioma,0.321428571429,0.0452380952381,4727.08955224,0.00629978199328,4895.94029851,0.781691595205,0.0452380952381
C0007193,"Cardiomyopathy, Dilated",0.475,0.02,3560.9787234,0.00346864084436,5440.85106383,0.834237563924,0.11
C0497327,Dementia,0.1,0.1,6495.9,0.00730280713932,6049.5,0.698577528194,0.1
C0017639,Gliosis,0.6,0.05,3365.0,0.00602745676583,4055.0625,0.873914860034,0.15
C1838951,LEIGH SYNDROME DUE TO MITOCHONDRIAL COMPLEX I DEFICIENCY,0.8,0.3,2956.64285714,0.0192099116755,8026.78571429,0.866585433784,0.7
C0029456,Osteoporosis,0.292857142857,0.0,4202.65079365,0.0017443293908,6173.79365079,0.801069179882,0.0309523809524
C0037274,Dermatologic disorders,0.140476190476,0.0,6267.21875,0.00113845909606,7010.3125,0.70784164501,0.0166666666667
C0023473,"Myeloid Leukemia, Chronic",0.383333333333,0.183333333333,2798.18181818,0.0145496437395,4367.31818182,0.864002012228,0.266666666667
C0021368,Inflammation,0.294545454545,0.00909090909091,3767.98165138,0.00392829974158,4715.18348624,0.824512478383,0.0454545454545
C0011882,Diabetic Neuropathies,0.25,0.0,2520.0,0.00188691924417,3198.84615385,0.879228555514,0.05
C0455988,"Hydrops Fetalis, Non-Immune",0.4,0.15,6636.08333333,0.00458217677205,7937.41666667,0.671636110466,0.25
C0027627,Neoplasm Metastasis,0.324175824176,0.0362637362637,3457.53956835,0.0072677130161,4944.76978417,0.83896206744,0.101098901099
C0021361,Female infertility,0.45,0.05,3676.0,0.0040107919556,4314.7037037,0.831915157145,0.116666666667
C0018801,Heart failure,0.375,0.0125,4348.3375,0.00355787731279,4958.125,0.797744680356,0.05
C0042373,Vascular Diseases,0.3,0.0,5135.86666667,0.000733602434539,4517.93333333,0.78007613035,0.0
C0032914,Pre-Eclampsia,0.15,0.05,6982.27777778,0.0020079791971,5554.55555556,0.663169135057,0.05
C0040038,Thromboembolism,1.0,0.4,154.416666667,0.0799329467021,3848.5,0.993850081225,0.7
C1449861,"Micronuclei, Chromosome-Defective",0.55,0.0,3335.94444444,0.00153439551326,4693.27777778,0.853191884489,0.0
C0029401,Osteitis Deformans,0.375,0.0,5137.625,0.0010200440639,8285.0,0.761630470091,0.125
C0162670,Mitochondrial Myopathies,0.666666666667,0.0,2894.5,0.00263118683047,5510.66666667,0.865737088766,0.333333333333
C0032460,Polycystic Ovary Syndrome,0.11,0.0,7189.59310345,0.00134569605445,8317.31724138,0.663706388496,0.0
C0007787,Transient Ischemic Attack,0.5,0.0,2680.2,0.00182620836615,7229.8,0.875657864204,0.0
C0007785,Cerebral Infarction,0.5,0.1,2908.8,0.0196418507322,3547.2,0.865048498631,0.3
C0007786,Brain Ischemia,0.6,0.05,2354.75,0.0109630231622,4712.46666667,0.890624273154,0.2
C0546837,Malignant neoplasm of esophagus,0.25,0.0,4508.77777778,0.0012580546978,6371.94444444,0.776133989507,0.05
C3495559,Juvenile arthritis,0.114102564103,0.00769230769231,6969.17213115,0.00155616637954,7322.86885246,0.675436501528,0.0326923076923
C1955869,Malformations of Cortical Development,0.55,0.0,3255.09090909,0.00127469589353,7638.45454545,0.863473498561,0.1
C0029408,Degenerative polyarthritis,0.31,0.0111111111111,4018.04255319,0.00327064835716,5837.28723404,0.811364415247,0.0433333333333
C0853897,Diabetic Cardiomyopathies,0.5,0.0,2903.9,0.00117909636556,3498.9,0.865275908479,0.0
C0392557,Nuclear cataract,0.5,0.2,3621.5,0.0254558815878,4209.41666667,0.79936644233,0.45
C0162671,MELAS Syndrome,1.0,0.0,119.3,0.00590493193064,3877.3,0.994509676521,0.5
C1834752,"MYCOBACTERIUM TUBERCULOSIS, SUSCEPTIBILITY TO (finding)",0.4,0.1,4021.0,0.00653754753595,6350.0,0.813431104098,0.2
C0236736,Cocaine-Related Disorders,0.444444444444,0.0222222222222,3812.81395349,0.00569554280552,5730.81395349,0.821834845709,0.119444444444
C0013182,Drug Allergy,0.3,0.05,5526.54285714,0.0049326123861,4288.05714286,0.753597288046,0.0833333333333
C0003123,Anorexia,0.75,0.2,1897.46666667,0.0149470859667,4652.73333333,0.927251415839,0.3
C0036202,Sarcoidosis,0.25,0.0,2414.0,0.0025877218321,6860.75,0.888022646062,0.125
C0024530,Malaria,0.25,0.0,5745.3,0.000673396778014,4399.7,0.7333054743,0.0
C0005138,Berylliosis,0.222222222222,0.0,5058.0,0.000216099865977,2980.33333333,0.765314646371,0.0
C0005612,Birth Weight,0.0,0.0,10822.0,5.25152342675e-05,5537.1,0.497795516777,0.0
C0236733,Amphetamine-Related Disorders,0.191071428571,0.0,7060.52054795,0.00126325811927,7088.90410959,0.67132870475,0.0267857142857
C0038358,Gastric ulcer,0.6,0.0,2681.72222222,0.00240208913215,3806.83333333,0.862365940851,0.15
C0400966,Non-alcoholic Fatty Liver Disease,0.1,0.0,6410.1,0.000507419865286,6001.75,0.702207556816,0.0
C0009241,Cognition Disorders,0.1,0.05,7591.34782609,0.00272870043344,6636.56521739,0.64864168292,0.05
C0006111,Brain Diseases,0.283333333333,0.05,6698.77272727,0.00454606083738,6180.90909091,0.69619766272,0.133333333333
C0032927,Precancerous Conditions,0.221428571429,0.0,5494.46376812,0.00151473687313,5904.97101449,0.747396553558,0.0142857142857
C0010346,Crohn Disease,0.126388888889,0.0111111111111,7406.5862069,0.00136156447803,8740.67816092,0.65225618434,0.0569444444444
C0007873,Uterine Cervical Neoplasm,0.433333333333,0.0,3728.9047619,0.00222197603099,4760.52380952,0.829982355126,0.2
C0020429,Hyperalgesia,0.402380952381,0.0142857142857,4555.02898551,0.017891351671,4777.04347826,0.785173784704,0.0857142857143
C0018799,Heart Diseases,0.185,0.0,5575.5,0.000748244932096,5280.97619048,0.7393372066,0.025
C0013386,"Dyskinesia, Drug-Induced",0.35,0.0,3449.8,0.00301176389299,3679.33333333,0.846987280661,0.2
C0087012,"Ataxia, Spinocerebellar",0.3,0.05,2918.33333333,0.00542341985408,7840.0,0.862452418531,0.05
C0023893,"Liver Cirrhosis, Experimental",0.317272727273,0.0,5300.52336449,0.00313385975351,4274.19626168,0.750426149608,0.0381818181818
C0007134,Renal Cell Carcinoma,0.199358974359,0.00833333333333,5210.38842975,0.00270480612937,6873.49586777,0.757760145286,0.0410256410256
C0282527,Infantile Refsum Disease (disorder),1.0,0.65,31.4615384615,0.551611386941,6494.38461538,0.998280263646,0.9
C0263454,Chloracne,0.308333333333,0.0583333333333,4342.57575758,0.00331738813951,6277.60606061,0.795213095459,0.116666666667
C0030567,Parkinson Disease,0.197777777778,0.0,5656.97916667,0.00189357023636,6903.95833333,0.736259209212,0.0322222222222
C0917796,"Optic Atrophy, Hereditary, Leber",0.75,0.05,3230.42857143,0.00800271437753,4178.64285714,0.893819338068,0.5
C0007117,Basal cell carcinoma,0.3,0.2,6563.40909091,0.0174275180176,7969.36363636,0.697862781518,0.25
C0026603,Motion Sickness,0.15,0.0,7909.42857143,0.000202187597449,13157.0714286,0.607106716799,0.0
C0033975,Psychotic Disorders,0.3,0.1,3826.88235294,0.00427482935156,5175.47058824,0.829626276695,0.1
C0242488,Acute Lung Injury,0.25,0.0,2652.1875,0.0007107105497,3305.375,0.88091314238,0.05
C0175702,Williams Syndrome,0.1,0.0,4164.2,0.000702476675729,7180.7,0.806785167309,0.1
C0023895,Liver diseases,0.252380952381,0.0142857142857,5598.67692308,0.00525534050367,4892.6,0.743086353283,0.047619047619
C0023891,"Liver Cirrhosis, Alcoholic",0.55,0.05,3972.625,0.00455089811301,6476.0625,0.820925212386,0.15
C0022661,"Kidney Failure, Chronic",0.365,0.025,4555.25,0.00290691424714,5263.81818182,0.789976525822,0.12
C1262477,Weight decreased,0.05,0.0,4894.27777778,0.000283345663189,5415.5,0.771927666094,0.0
C0020649,Hypotension,0.456666666667,0.02,2879.11320755,0.00351152358985,3666.90566038,0.865150204613,0.0366666666667
C0032580,Adenomatous Polyposis Coli,0.444444444444,0.0,5757.44444444,0.000967614936334,4677.55555556,0.73285481509,0.0
C0878544,Cardiomyopathies,0.311111111111,0.0,4149.35555556,0.00359330006884,5642.84444444,0.806942956372,0.0777777777778
C0007570,Celiac Disease,0.25,0.025,7018.28947368,0.0063446211129,8561.57894737,0.668696655669,0.1
C0023264,Leigh Disease,0.633333333333,0.1,2536.90322581,0.0148937850439,7302.93548387,0.885109867137,0.4
C0017601,Glaucoma,0.0333333333333,0.0,9401.66666667,0.000136837645764,9728.66666667,0.555170799282,0.0
C1565489,Renal Insufficiency,0.5,0.2,3942.9,0.00700216460423,2485.4,0.817055738618,0.3
C0039231,Tachycardia,0.5,0.1,3917.47058824,0.00335052970658,3926.76470588,0.811374187558,0.1
C0022116,Ischemia,0.35,0.05,3768.74074074,0.0024904858461,3757.77777778,0.831058987459,0.05
C0033941,"Psychoses, Substance-Induced",0.45,0.0,4047.41176471,0.00253818345841,3369.70588235,0.837233054782,0.2
C0346153,"Breast Cancer, Familial",0.95,0.45,479.416666667,0.122583886207,4250.66666667,0.984926897192,0.75
C0008312,Primary biliary cirrhosis,0.4,0.25,5185.78947368,0.0205000628583,7651.89473684,0.771307688736,0.35
C0020672,"Hypothermia, natural",0.25,0.0,2625.16666667,0.000602064753998,5245.25,0.887755859828,0.0
C0040128,Thyroid Diseases,0.1,0.0,7228.33333333,0.000207984427137,5374.83333333,0.648967277791,0.0
C0030319,Panic Disorder,0.0,0.0,6116.75,0.000109922009957,5225.875,0.716193326837,0.0
C0009404,Colorectal Neoplasms,0.174458874459,0.0142857142857,6503.59624413,0.00374953582362,7252.05633803,0.696585128702,0.0331168831169
C0001624,Adrenal Gland Neoplasms,0.9,0.3,313.727272727,0.0249959875107,3233.18181818,0.98666573842,0.6
C0027819,Neuroblastoma,0.38,0.025,3432.25,0.00492176069417,7176.04545455,0.837411332683,0.045
C0005283,beta Thalassemia,0.3,0.0,5165.6,0.00192278905841,4705.3,0.760310019956,0.2
C2931456,"Prostate cancer, familial",0.25,0.0,6386.15384615,0.00143645136259,6680.46153846,0.671706739696,0.1
C0024667,Animal Mammary Neoplasms,0.282967032967,0.0296703296703,4079.2189781,0.00519777368575,4414.48175182,0.809715950483,0.0879120879121
C0038644,Sudden infant death syndrome,0.35,0.0,4935.5,0.00284120482534,5363.66666667,0.76547922952,0.3
C0429087,Electrocardiogram: P-R interval,0.111111111111,0.0,9775.33333333,0.000179094603609,6904.11111111,0.546392549966,0.0
C1384666,hearing impairment,0.0666666666667,0.0,8559.37142857,0.000297011875729,10019.8285714,0.612722640399,0.0
C0022336,Creutzfeldt-Jakob disease,0.1,0.0,9647.15384615,0.000147328752298,8585.53846154,0.527383494244,0.0
C0029422,Osteochondrodysplasias,0.4,0.05,4769.53333333,0.00490437390787,5765.0,0.752908272212,0.15
C0024809,Marijuana Abuse,0.3,0.0,4228.6,0.0013433631771,3720.5,0.80379635216,0.1
C0019202,Hepatolenticular Degeneration,0.433333333333,0.0,3172.66666667,0.00138872048496,4301.375,0.863687518383,0.05
C1269683,Major Depressive Disorder,0.1,0.0,8195.83870968,0.000295036312429,7192.03225806,0.616914816191,0.0
C0015625,Fanconi Anemia,0.9,0.5,319.526315789,0.0732286122378,7086.94736842,0.985966663571,0.65
C0024305,"Lymphoma, Non-Hodgkin",0.383333333333,0.0333333333333,3814.5,0.0045354748622,4602.27272727,0.826156644223,0.183333333333
C0015393,Eye Abnormalities,0.4,0.0,6396.42857143,0.00170477249168,7365.14285714,0.696214547649,0.15
C0206762,"Limb Deformities, Congenital",0.25,0.0,4260.0,0.000521112677253,4350.4,0.787877170179,0.0
C0948089,Acute Coronary Syndrome,0.616666666667,0.0666666666667,1976.64516129,0.00464658962949,4257.03225806,0.906996190653,0.1
C0024668,"Mammary Neoplasms, Experimental",0.305,0.02625,3939.38410596,0.00577907063452,4135.05960265,0.816099925255,0.0858333333333
C0019158,Hepatitis,0.25,0.0,4938.38888889,0.000594713851851,5051.0,0.75410650448,0.0
C1832200,Peroxisome biogenesis disorders,1.0,0.7,14.4545454545,0.27878895664,6603.90909091,0.999333983106,1.0
C0018824,Heart valve disease,0.283333333333,0.0,3779.83333333,0.00110940756305,4853.375,0.814761064413,0.0333333333333
C0079744,Diffuse Large B-Cell Lymphoma,0.516666666667,0.0,2202.72222222,0.00237548696277,5403.88888889,0.894630825705,0.025
C0029172,Oral Submucous Fibrosis,0.6,0.4,2198.73333333,0.0320144673268,3444.8,0.88813016433,0.55
C0079541,Holoprosencephaly,0.375,0.375,6339.625,0.0227383764638,5445.5,0.705850619518,0.375
C0042109,Urticaria,0.25,0.0,4456.0,0.000616015123812,3112.9375,0.799749315259,0.0
C0271650,Impaired glucose tolerance,0.45,0.0,4395.45454545,0.00149962859789,5936.45454545,0.79517311798,0.15
C0162666,Mitochondrial Encephalomyopathies,0.4,0.0,3562.0,0.00300262242924,10599.4545455,0.819138123085,0.25
C0019151,Hepatic Encephalopathy,0.75,0.05,1937.46153846,0.00456061655703,3050.23076923,0.912158837727,0.35
C0011881,Diabetic Nephropathy,0.433333333333,0.025,3155.27027027,0.00272165945524,7075.97297297,0.853925805452,0.075
C0699790,Colon Carcinoma,0.333333333333,0.05,2807.5,0.00487394306109,4347.08333333,0.86842907785,0.2
C0036341,Schizophrenia,0.138949275362,0.0125,7021.3697479,0.00331718434017,8336.66806723,0.671414141363,0.0251811594203
C0026769,Multiple Sclerosis,0.151388888889,0.0,7210.40909091,0.000986065439014,7873.10227273,0.665168155894,0.0
C0024141,"Lupus Erythematosus, Systemic",0.1875,0.0,6040.27027027,0.00130008286561,7294.45945946,0.715755439517,0.0410714285714
C2931673,"Ceroid lipofuscinosis, neuronal 1, infantile",0.3,0.0,2484.5,0.000679409626569,7704.3,0.884740335081,0.0
C0600467,Neurogenic Inflammation,0.35,0.3,5076.08333333,0.0193225936501,5979.66666667,0.755265722906,0.3
C0043459,Zellweger Syndrome,1.0,0.65,43.6,0.443218769112,6124.13333333,0.997555937239,0.9
C0006663,Calcinosis,0.383333333333,0.0,4140.94594595,0.0029246227126,4971.45945946,0.806639947336,0.166666666667
C1861063,"TOBACCO ADDICTION, SUSCEPTIBILITY TO (finding)",0.3,0.1,6859.9,0.00721337340346,3973.3,0.681677263656,0.3
C0007222,Cardiovascular Diseases,0.26,0.02,5235.08,0.0048667277216,5246.96,0.756723857349,0.08
C0002895,"Anemia, Sickle Cell",0.3,0.0,4455.7,0.0012564777333,6595.7,0.793256601847,0.1
C1261502,Finding of Mean Corpuscular Hemoglobin,0.2,0.1,6561.13333333,0.0101771459207,7135.73333333,0.716484077616,0.1
C0027672,"Neoplastic Syndromes, Hereditary",0.62,0.125,1782.5625,0.0113570582021,4951.41666667,0.9181691385,0.23
C0751778,"Myoclonic Epilepsies, Progressive",0.25,0.0,5317.41666667,0.00148935161974,8249.83333333,0.765908563472,0.15
C0019189,"Hepatitis, Chronic",0.6,0.133333333333,2469.45454545,0.0177285756566,4523.0,0.89246884916,0.283333333333
C0149721,Left Ventricular Hypertrophy,0.583333333333,0.15,2664.29166667,0.0578841664405,2332.875,0.88686899178,0.283333333333
C0006142,Malignant neoplasm of breast,0.164285714286,0.0333333333333,6871.46774194,0.00249433288566,9173.51612903,0.678555976473,0.05
C0007137,Squamous cell carcinoma,0.469444444444,0.025,2778.26506024,0.00779056199002,4644.89156627,0.870013446493,0.147222222222
C0265965,Dyskeratosis Congenita,0.65,0.3,1999.91666667,0.171030928337,10884.25,0.905845903922,0.4
C0003872,"Arthritis, Psoriatic",0.2,0.0,4333.06666667,0.00224465396957,7029.06666667,0.81213211401,0.1
C1876165,Copper-Overload Cirrhosis,0.55,0.1,1935.18181818,0.00512251614896,4104.90909091,0.911821219716,0.1
C0238288,"Muscular Dystrophy, Facioscapulohumeral",0.55,0.1,3434.91666667,0.019622122404,5193.58333333,0.841550243676,0.4
C1960469,Left ventricular noncompaction,0.4,0.05,2420.83333333,0.00885948335407,8477.91666667,0.868999767928,0.05
C0004153,Atherosclerosis,0.393333333333,0.0,3639.94444444,0.00264150603057,4325.61111111,0.831490644716,0.0533333333333
C0003469,Anxiety Disorders,0.35,0.158333333333,4033.23529412,0.0129101532567,3898.97058824,0.821775348852,0.183333333333
C0033805,Pseudohypoaldosteronism,0.666666666667,0.333333333333,1324.22222222,0.0210926517297,9468.44444444,0.938591877565,0.666666666667
C0243026,Sepsis,0.483333333333,0.0,3722.28571429,0.00184846731522,3095.33333333,0.828861750867,0.05
C3160718,"PARKINSON DISEASE, LATE-ONSET",0.35,0.05,3694.5625,0.00265196843893,5448.5625,0.851306810269,0.05
C0029463,Osteosarcoma,0.275,0.0333333333333,5060.71428571,0.00328607550608,5466.74285714,0.758054936034,0.0583333333333
C1862939,AMYOTROPHIC LATERAL SCLEROSIS 1,0.27,0.02,5483.38297872,0.00275080728874,4386.80851064,0.74980288238,0.045
C1561955,Fibrinogen Adverse Event,0.1,0.0,7718.16666667,0.000496998344785,9552.88888889,0.661296949719,0.0
C0242698,"Ventricular Dysfunction, Left",0.25,0.0,4806.8,0.000778846587745,5076.26666667,0.786340636895,0.0
C0349788,Arrhythmogenic Right Ventricular Dysplasia,0.6,0.2,2147.6,0.00815503075773,5736.6,0.900375922402,0.3
C0152013,Adenocarcinoma of lung (disorder),0.4,0.02,3424.02173913,0.0034516902468,4115.91304348,0.842605178746,0.07
C1800706,Idiopathic Pulmonary Fibrosis,0.5,0.15,4428.875,0.00806223364855,10278.875,0.799809665289,0.2
C0003873,Rheumatoid Arthritis,0.147402597403,0.0,5980.91943128,0.00263374642096,6657.45971564,0.72075130006,0.0235930735931
C0007959,Charcot-Marie-Tooth Disease,0.2,0.0,6126.86206897,0.000930721657121,7734.03448276,0.724406199678,0.05
C0993582,"Arthritis, Experimental",0.408333333333,0.025,3372.23076923,0.00318779281466,4101.05128205,0.844821389844,0.075
C0431362,Lobar Holoprosencephaly,0.55,0.15,5693.57142857,0.00805070940536,5908.28571429,0.777000649863,0.4
C0268362,Osteogenesis imperfecta type III (disorder),0.75,0.2,839.181818182,0.00935348387518,8176.72727273,0.960380116959,0.2
C0268363,Osteogenesis imperfecta type IV (disorder),0.3,0.0,4014.8,0.00382527604425,7140.4,0.813718847171,0.3
C0004134,Ataxia,0.4,0.1,5996.53333333,0.00500677089201,3226.73333333,0.728080029709,0.35
C0019209,Hepatomegaly,0.222222222222,0.0,4561.11111111,0.000495258134145,5265.88888889,0.788374275519,0.0
C0021051,Immunologic Deficiency Syndromes,0.55,0.35,3082.29411765,0.0917098118088,2689.35294118,0.870814763231,0.35
C0848558,Hypospadias,0.0,0.0,7674.5,0.000117594630297,7835.21428571,0.614628881771,0.0
C0035334,Retinitis Pigmentosa,0.347619047619,0.0571428571429,5316.71014493,0.0180119168025,8766.73913043,0.752063665656,0.116666666667
C0279628,Adenocarcinoma Of Esophagus,0.5,0.1,3303.35714286,0.00478073307022,8456.78571429,0.877431184143,0.35
C0023290,"Leishmaniasis, Visceral",0.3,0.25,3114.16666667,0.0299028397863,2767.5,0.839099559062,0.25
C0677886,Epithelial ovarian cancer,0.15,0.0,6951.42105263,0.000867033345817,9204.15789474,0.652268084316,0.05
C0393706,Early infantile epileptic encephalopathy with suppression bursts,0.25,0.05,5648.66666667,0.00190100590085,8053.22222222,0.746432053484,0.05
C0085580,Essential Hypertension,0.4,0.0,4648.92307692,0.00300632231639,4087.38461538,0.809675547716,0.2
C0086543,Cataract,0.466666666667,0.166666666667,4469.04761905,0.0443074914534,4482.42857143,0.786233515973,0.266666666667
C0011991,Diarrhea,0.4,0.0,5600.5,0.00148067319143,4191.0,0.740126235671,0.1
C0024301,"Lymphoma, Follicular",0.333333333333,0.05,4414.71428571,0.00312265710937,5688.9047619,0.798761763249,0.133333333333
C0026848,Myopathy,0.25,0.0,6100.68,0.00124331431578,4112.88,0.726334060933,0.116666666667
C0041755,Adverse reaction to drug,0.333333333333,0.0,5071.49056604,0.00237401595221,5024.69811321,0.763649398562,0.0333333333333
C0026846,Muscular Atrophy,0.4,0.0,4361.61538462,0.000920949567619,5810.15384615,0.812906145563,0.0
C0079772,T-Cell Lymphoma,0.75,0.2,2276.63636364,0.0128915392298,5393.18181818,0.887833008447,0.3
C0009375,Colonic Neoplasms,0.264102564103,0.024358974359,4324.912,0.00511336349822,4894.696,0.798609166978,0.0801282051282
C0265215,Meckel-Gruber syndrome,1.0,0.5,94.2142857143,0.0789399012111,13737.1428571,0.996124031008,0.6
C0004352,Autistic Disorder,0.192572463768,0.0,5648.55364807,0.0034383578865,6835.16738197,0.735642300368,0.0166666666667
C0023904,"Liver Neoplasms, Experimental",0.266666666667,0.02,4686.03773585,0.00213196834478,5632.8490566,0.780582682292,0.0366666666667
C0019569,Hirschsprung Disease,0.7,0.4,2621.8,0.111392350133,3711.1,0.878368218313,0.5
C0019163,Hepatitis B,0.4,0.1,4676.75,0.00985141892335,4447.125,0.753632607586,0.25
C1961099,Precursor T-Cell Lymphoblastic Leukemia-Lymphoma,0.55,0.0,2493.88888889,0.00332368866385,6835.27777778,0.889328659641,0.15
C0027404,Narcolepsy,0.3,0.15,7837.55555556,0.05501157298,5161.61111111,0.630586378198,0.15
C0015967,Fever,0.2,0.0,6395.65,0.00093660846191,4236.25,0.703108603798,0.05
C0919267,ovarian neoplasm,0.333333333333,0.0322222222222,4677.05154639,0.00541286652976,5683.0,0.784627860619,0.0833333333333
C0031117,Peripheral Neuropathy,0.115079365079,0.0,6907.06810036,0.00261069460587,7067.25806452,0.676097940168,0.014417989418
C0011609,Drug Eruptions,0.25,0.0,5808.16666667,0.000666533514217,3426.61111111,0.718837921909,0.0
C0001418,Adenocarcinoma,0.340909090909,0.0290909090909,4147.8490566,0.00547107731824,5251.24528302,0.805702340641,0.0863636363636
C0003504,Aortic Valve Insufficiency,0.8,0.15,508.181818182,0.153482833762,6257.0,0.975074259723,0.25
C0011053,Deafness,0.2,0.0,9589.93333333,0.000565450412821,5622.66666667,0.511361526321,0.0
C0403553,Renal dysplasia and retinal aplasia (disorder),0.7,0.3,2609.3,0.0373796808852,14255.2,0.878948345477,0.5
C0039685,Tetralogy of Fallot,0.5,0.05,4557.0,0.00253882755913,5779.53333333,0.799998839476,0.05
C1263846,Attention deficit hyperactivity disorder,0.166666666667,0.0,8141.65714286,0.00110562318668,5724.08571429,0.622535467584,0.0583333333333
C0524851,Neurodegenerative Disorders,0.425,0.125,4505.2972973,0.0150691756592,4888.05405405,0.785710192069,0.15
C0028326,Noonan Syndrome,0.75,0.1,2505.64705882,0.0151806593383,5828.70588235,0.898823119777,0.45
C0004763,Barrett Esophagus,0.3,0.0,4324.71428571,0.00191652677825,5975.0,0.805433319408,0.15
C0376634,Craniofacial Abnormalities,0.26380952381,0.0285714285714,4956.45517241,0.0086646789047,6536.06206897,0.769005108395,0.0633333333333
C0520459,Necrotizing Enterocolitis,0.55,0.0,3735.29411765,0.00181312510147,4891.52941176,0.816376508821,0.1
C0027051,Myocardial Infarction,0.356944444444,0.0111111111111,4191.61627907,0.00282511974066,5035.89534884,0.807789835385,0.0458333333333
C3463824,MYELODYSPLASTIC SYNDROME,0.25,0.0,4280.66666667,0.00185475851524,6961.94444444,0.795359580296,0.05
C0003130,Anoxia,0.316666666667,0.0,3774.5,0.00102524988422,3847.5,0.823994192799,0.0
C0020179,Huntington Disease,0.1,0.0,8178.0,0.000147639312314,4950.83333333,0.614400092829,0.0
C0018995,Hemochromatosis,0.8,0.45,2364.33333333,0.0972977993516,5861.83333333,0.869872360176,0.65
C0020456,Hyperglycemia,0.45,0.05,3695.3,0.00409904316261,3999.75,0.828490504713,0.1
C0030297,Pancreatic Neoplasm,0.475,0.0125,4134.4875,0.00433618531803,4891.8125,0.807701843833,0.075
C0014544,Epilepsy,0.221428571429,0.0166666666667,6065.04761905,0.00173851639091,6643.9047619,0.719338730188,0.0333333333333
C0162557,"Liver Failure, Acute",0.416666666667,0.0,5041.68181818,0.00152725683483,4185.13636364,0.774618837551,0.1
C0003864,Arthritis,0.111111111111,0.0,7810.22222222,0.000121020304469,6943.66666667,0.637589464348,0.0
C0020473,Hyperlipidemia,0.75,0.15,2635.58823529,0.0184643591622,3993.94117647,0.895366759517,0.3
C0030193,Pain,0.29,0.0,4265.73333333,0.00124975416074,4543.31111111,0.803361612123,0.0
C0000768,Congenital Abnormality,0.3,0.2,4081.90909091,0.00565217010541,5737.63636364,0.813905133203,0.3
C0014549,Tonic-Clonic Epilepsy,0.3,0.2,5427.1,0.00516857883645,6024.0,0.748173759688,0.2
C0005684,Malignant neoplasm of urinary bladder,0.2,0.05,6396.3125,0.00153824542813,9225.375,0.716790074741,0.1
C0022658,Kidney Diseases,0.166666666667,0.0125,6499.81927711,0.00155107030976,6320.42168675,0.697884845239,0.025
C0206062,"Lung Diseases, Interstitial",0.0,0.0,7534.8,0.000194765181987,10222.2666667,0.683807213815,0.0
C0079773,"Lymphoma, T-Cell, Cutaneous",0.666666666667,0.05,1249.71428571,0.00582428659941,3675.33333333,0.942334540614,0.15
C0023493,Adult T-Cell Lymphoma/Leukemia,0.558333333333,0.0,3110.5483871,0.0031431307267,4892.03225806,0.858435148193,0.133333333333
C2239176,Liver carcinoma,0.312337662338,0.0277056277056,3776.85714286,0.00750007457717,5419.49308756,0.823214569716,0.0690476190476
C0206726,gliosarcoma,0.3,0.0,3019.0,0.00260777579832,4764.26666667,0.862916627983,0.2
C0038356,Stomach Neoplasms,0.23078817734,0.00714285714286,4562.4787234,0.00663039295562,6342.0070922,0.786469404294,0.0497536945813
C0040034,Thrombocytopenia,0.45,0.1,3543.13636364,0.00336574247374,4785.90909091,0.839438123984,0.2
C0029927,Ovarian Cysts,0.1,0.0,7382.09677419,0.000292529231564,6800.96774194,0.659401421537,0.0
C0677050,Manganese Poisoning,0.45,0.1,3874.27272727,0.00359578053061,4250.90909091,0.815469228627,0.1
C0036346,"Schizophrenia, Childhood",0.1,0.0,9768.86666667,0.000235975634488,9868.46666667,0.546690186612,0.0
C0030354,Papilloma,0.4,0.0,3535.0,0.00215523958041,3100.72727273,0.835173582103,0.1
C0023976,Long QT Syndrome,0.85,0.1,947.0625,0.106366148823,6106.1875,0.962736177522,0.5
C0040028,"Thrombocythemia, Essential",0.65,0.05,2953.58333333,0.0129259979269,5076.41666667,0.851875145045,0.35
C0206686,Adrenocortical carcinoma,0.6,0.05,1958.70588235,0.00826269175906,4984.05882353,0.88680362117,0.2
C0006413,Burkitt Lymphoma,0.45,0.0,3456.53333333,0.00262743886299,7997.46666667,0.829384458268,0.25
C0242339,Dyslipidemias,0.45,0.05,5316.0,0.00232464546587,8157.3125,0.754795506244,0.05
C0752347,Lewy Body Disease,0.35,0.25,2977.89473684,0.0127074174443,4415.84210526,0.868692543412,0.25
C1136249,"Mental Retardation, X-Linked",0.0,0.0,8344.88888889,0.000184753283634,7627.66666667,0.618619713079,0.0
C0023903,Liver neoplasms,0.19,0.0,7022.98113208,0.00208214284524,6699.88679245,0.673807218142,0.0472727272727
C0027055,Myocardial Reperfusion Injury,0.541666666667,0.05,2585.91428571,0.00495171299577,4280.54285714,0.885375623393,0.075
C0002878,"Anemia, Hemolytic",0.25,0.0,3720.0,0.00103454911914,3170.25,0.83740310977,0.0
C0040053,Thrombosis,0.725,0.2,1741.325,0.0665789458143,3908.45,0.919188316215,0.4
C0036421,Systemic Scleroderma,0.133333333333,0.0,6966.7826087,0.00039374382814,7066.52173913,0.682122070524,0.0
C0333641,Atrophic,0.2,0.0,4740.8,0.000601422951479,8218.4,0.780025061493,0.0
C0920269,Microsatellite Instability,0.45,0.0,2060.16666667,0.00146853705216,5700.33333333,0.898971919239,0.05
C0270853,"Myoclonic Epilepsy, Juvenile",0.0,0.0,7429.28571429,8.20535966438e-05,3917.28571429,0.655299966854,0.0
C0017661,IGA Glomerulonephritis,0.125858250277,0.00232558139535,6006.42657343,0.0046350074563,8151.37529138,0.716738461827,0.0116279069767
C0270850,Idiopathic generalized epilepsy,0.0,0.0,7484.16666667,8.51324980038e-05,1989.66666667,0.652769399718,0.0
C0524909,"Hepatitis B, Chronic",0.1,0.0,6093.86666667,0.000523893134028,3726.93333333,0.710881069539,0.0
C0038325,Stevens-Johnson Syndrome,0.633333333333,0.0333333333333,2125.83333333,0.00660401141012,4889.63333333,0.901340951673,0.233333333333
C0751617,Semilobar Holoprosencephaly,0.55,0.15,5693.57142857,0.00805070940536,5908.28571429,0.777000649863,0.4
C0023186,Learning Disorders,0.266666666667,0.0333333333333,6296.7037037,0.00405634074844,5175.33333333,0.695369639263,0.0333333333333
C0024796,Marfan Syndrome,0.5,0.0,2015.4,0.0027751864398,3665.8,0.906511347287,0.2
C0023452,"Leukemia, Lymphocytic, Acute, L1",0.0,0.0,8686.36363636,0.000121453400203,8987.09090909,0.584616634178,0.0
C0346647,Malignant neoplasm of pancreas,0.0,0.0,7058.84615385,0.000138272503249,5145.61538462,0.659812476792,0.0
C1272641,Systemic arterial pressure,0.04,0.0,7680.22,0.000362767648568,8634.04,0.643036220765,0.0
C0265221,Walker-Warburg congenital muscular dystrophy,0.8,0.15,932.769230769,0.0600887097504,9938.46153846,0.963068603788,0.55
C2609414,Acute kidney injury,0.280952380952,0.0142857142857,5273.21538462,0.00305516762791,4543.09230769,0.753657008588,0.0785714285714
C0018784,Sensorineural Hearing Loss (disorder),0.444444444444,0.111111111111,3357.66666667,0.00894672584651,2209.0,0.84422374853,0.222222222222
C0009363,Congenital ocular coloboma (disorder),0.35,0.0,6528.5,0.00056084538311,5897.41666667,0.710183337201,0.0
C0339535,"Night blindness, congenital stationary",0.5,0.3,4788.09090909,0.12631446266,9828.09090909,0.808586280516,0.5
C0035309,Retinal Diseases,0.333333333333,0.0,4716.95238095,0.000501070730018,6038.57142857,0.775897721644,0.0
C0024121,Lung Neoplasms,0.336928104575,0.0173202614379,4328.90116279,0.00720394280063,4498.22093023,0.798128888216,0.0875816993464
C0036920,Sezary Syndrome,0.65,0.05,2449.15384615,0.00513321956736,5614.07692308,0.896558450606,0.166666666667
C0021390,Inflammatory Bowel Diseases,0.125,0.0125,7787.5875,0.00121342990936,9020.35,0.637607964334,0.025
C1458155,Mammary Neoplasms,0.289695121951,0.0221341463415,4296.72481572,0.0114266721944,5809.83783784,0.797839755233,0.0467073170732
C0027796,Neuralgia,0.3,0.0,5770.0,0.00165482329301,4769.0,0.732259711329,0.1
C0033578,Prostatic Neoplasms,0.211609620722,0.00642923219241,5586.93376068,0.00783236748141,6306.0491453,0.736273200154,0.0341350601295
C0000786,Spontaneous abortion,0.286363636364,0.0190909090909,5710.51428571,0.00333516277468,5850.44761905,0.734487968912,0.0754545454545
C0162820,"Dermatitis, Allergic Contact",0.102380952381,0.0,6829.24242424,0.000722903225516,6216.57575758,0.681097956841,0.0
C0011581,Depressive disorder,0.291666666667,0.0916666666667,5088.05555556,0.00830567147572,4612.36111111,0.76621207193,0.116666666667
C0424295,Hyperactive behavior,0.366666666667,0.0333333333333,3186.63333333,0.00185503041244,4365.13333333,0.852063300351,0.0333333333333
C0025521,Inborn Errors of Metabolism,0.15,0.0,8297.6875,0.000279345737066,5128.8125,0.620210296644,0.0
C0344388,Platelet mean volume finding,0.0,0.0,8520.60714286,0.000213597469124,8299.60714286,0.606625172248,0.0
C0007131,Non-Small Cell Lung Carcinoma,0.225,0.0272727272727,4774.97297297,0.0039471201995,5814.76576577,0.777839160513,0.0621212121212
C0037268,Skin Abnormalities,0.2,0.0,7319.3,0.000349991387412,6525.5,0.660363391655,0.0
C0018800,Cardiomegaly,0.302380952381,0.0285714285714,3437.18181818,0.00638790881813,4879.87878788,0.841669602558,0.121428571429
C0020445,"Hypercholesterolemia, Familial",0.7,0.05,2096.6875,0.00512779047555,5892.3125,0.917800937747,0.15
C0431363,Alobar Holoprosencephaly,0.55,0.15,5693.57142857,0.00805070940536,5908.28571429,0.777000649863,0.4
C0021841,Intestinal Neoplasms,0.65,0.0,1918.54545455,0.00231906591999,2835.0,0.906172839506,0.1
C2607914,Allergic rhinitis (disorder),0.0,0.0,11109.0,6.07282056297e-05,9053.09090909,0.48310591293,0.0
C0282525,"Adrenoleukodystrophy, Neonatal",1.0,0.65,31.4615384615,0.551611386941,6494.38461538,0.998280263646,0.9
C1271104,Blood pressure finding,0.04,0.0,7680.22,0.000362767648568,8634.04,0.643036220765,0.0
C0242383,Age related macular degeneration,0.283333333333,0.05,5695.55555556,0.00603693189161,6256.36111111,0.732871962269,0.0833333333333
C1720887,Female Urogenital Diseases,0.45,0.0,2687.22222222,0.00321486233763,3840.94444444,0.883481127258,0.2
C0279626,Squamous cell carcinoma of esophagus,0.365277777778,0.0125,3525.96341463,0.00454810097161,5373.90243902,0.837233863666,0.0986111111111
C3160731,Pulmonary function (finding),0.0666666666667,0.0333333333333,9460.56666667,0.00157765771485,8566.86666667,0.56061844815,0.0333333333333
C0162871,"Aortic Aneurysm, Abdominal",0.45,0.05,3424.09090909,0.00376488537205,6507.81818182,0.833990067762,0.15
C0020507,Hyperplasia,0.3,0.0,5074.38461538,0.00126673524684,5920.76923077,0.750908767204,0.0333333333333
C0080178,Spina Bifida,0.4,0.1,3867.18181818,0.00841915017504,5911.63636364,0.853357931867,0.2
C0007194,Hypertrophic Cardiomyopathy,0.233333333333,0.0,4259.42857143,0.00214595212875,6898.47619048,0.809163725854,0.15
C0752166,Bardet-Biedl Syndrome,0.766666666667,0.566666666667,1296.52380952,0.282077644175,11208.7142857,0.937880757801,0.616666666667
C0677776,Hereditary Breast and Ovarian Cancer Syndrome,1.0,0.5,84.1428571429,0.144732399442,5331.71428571,0.996748363738,0.8
C0241910,"Hepatitis, Autoimmune",0.5,0.0,3456.70588235,0.00161028421979,4886.29411765,0.806109563603,0.1
C0022548,Keloid,0.35,0.0,3071.45454545,0.00120992867987,4772.39393939,0.853052406616,0.0
C0025202,melanoma,0.176842105263,0.0210526315789,6780.11979167,0.0042601051153,7471.734375,0.683232925222,0.0315789473684
C3809874,"LEUKEMIA, ACUTE LYMPHOBLASTIC, SUSCEPTIBILITY TO, 3",0.35,0.05,3151.66666667,0.00313912874547,4593.9047619,0.865625773898,0.05
C0032285,Pneumonia,0.64,0.06,1716.36170213,0.0119954184852,5301.93617021,0.919041841004,0.29
C0242656,Disease Progression,0.323076923077,0.0166666666667,3739.51612903,0.00362036895985,7007.2983871,0.826700977524,0.024358974359
C0027708,Nephroblastoma,0.35,0.05,5855.125,0.00380835195586,8079.5625,0.753981941414,0.1
C2936907,NADH:Q(1) Oxidoreductase deficiency,0.85,0.45,1298.55,0.0578412532444,8990.75,0.939775734782,0.75
C0034065,Pulmonary Embolism,0.35,0.0,5579.72727273,0.00256687769545,5561.09090909,0.728404344194,0.25
C0085110,Severe Combined Immunodeficiency,0.8,0.2,716.363636364,0.0126441911254,4563.27272727,0.975765803397,0.5
C0341106,Eosinophilic esophagitis,0.05,0.0,10533.6875,0.000121318475694,9509.125,0.480281788218,0.0
C1140680,Malignant neoplasm of ovary,0.4,0.05,3637.0,0.00405229727279,7253.0,0.816987700162,0.25
C0031511,Pheochromocytoma,0.5,0.1,3642.125,0.00620256779858,4999.0625,0.821331414512,0.3
C0020619,Hypogonadism,0.8,0.35,1265.69230769,0.0271142339834,3830.92307692,0.924556721129,0.75
C1336708,Testicular Germ Cell Tumor,0.1,0.0,6396.42857143,0.000831893969444,7035.9047619,0.703909732541,0.05
C0030305,Pancreatitis,0.25,0.0,5510.95,0.000596736496618,4419.6,0.744186748386,0.0
C0027947,Neutropenia,0.2,0.05,6527.84615385,0.00866276968161,4808.46153846,0.697720943186,0.05
C0242379,Malignant neoplasm of lung,0.3,0.0,6082.75,0.000734051796834,7214.9375,0.711236711388,0.0
C0026650,Movement Disorders,0.333333333333,0.0,5369.42857143,0.00230111146301,5598.80952381,0.754939790738,0.133333333333
C0020615,Hypoglycemia,0.3,0.0,1667.2,0.000491495914672,4902.7,0.922671369564,0.0
C0025149,Medulloblastoma,0.4,0.0,3269.59090909,0.00301016644142,6457.77272727,0.85199472412,0.12
C0004114,Astrocytoma,0.75,0.233333333333,1022.95833333,0.0658896631014,6545.83333333,0.957226892057,0.266666666667
C0008925,Cleft Palate,0.5,0.1,2380.45,0.083782926974,5332.1,0.889485639262,0.2
C0023467,"Leukemia, Myelocytic, Acute",0.211363636364,0.0,4291.9380531,0.0022068387155,5521.5840708,0.799196356401,0.025
C1319853,"Asthma, Aspirin-Induced",0.35,0.15,6472.76923077,0.0202792723546,8590.69230769,0.680670952469,0.3
C0002514,"Amino Acid Metabolism, Inborn Errors",0.0,0.0,7341.92307692,0.000185315528025,4705.61538462,0.724261975492,0.0
C0339527,Leber Congenital Amaurosis,0.05,0.0,7697.66666667,0.000243883213904,9600.19047619,0.640402504334,0.0
C1260899,"Anemia, Diamond-Blackfan",0.9,0.15,237.8,0.0722045463589,5637.73333333,0.990961841983,0.9
C0151786,Muscle Weakness,0.0655555555556,0.0111111111111,7858.2967033,0.00341364038785,8613.58241758,0.634095054712,0.0111111111111
C0004936,Mental disorders,0.25,0.0,4609.27272727,0.000821359716559,6242.18181818,0.767483523624,0.05
C0027720,Nephrosis,0.8,0.15,1633.2,0.0125681020638,4961.06666667,0.941778850617,0.5
C0006625,Cachexia,0.5,0.0,3630.9,0.00383713123724,4813.4,0.831535712628,0.2
C0040136,Thyroid Neoplasm,0.3,0.0,4218.66666667,0.00162378317667,4833.66666667,0.803688131078,0.0583333333333
C0026764,Multiple Myeloma,0.183333333333,0.0,6693.35897436,0.000917339342547,5371.84615385,0.688114214456,0.0
C0035229,Respiratory Insufficiency,0.0,0.0,7795.54545455,0.000122745143503,8933.72727273,0.649361830502,0.0
C0018798,Congenital Heart Defects,0.2,0.025,4658.65714286,0.00207118397061,6094.74285714,0.782423605303,0.0583333333333
C0035228,Respiratory Hypersensitivity,0.45,0.05,3737.22222222,0.00694736948548,6592.38888889,0.817257068573,0.25
C0014175,Endometriosis,0.253333333333,0.0133333333333,5804.5751634,0.0110403807735,7005.7254902,0.728089862487,0.0654166666667
C2931822,Nasopharyngeal carcinoma,0.35,0.05,3759.35,0.00347841061599,4838.7,0.825517713702,0.1
C1720824,Sudden Cardiac Arrest,0.15,0.0,8098.13333333,0.000669532752857,9458.86666667,0.590906136849,0.0
C0015695,Fatty Liver,0.28,0.04,4191.5,0.0245531806312,6386.5,0.8094065275,0.04
C0026640,Mouth Neoplasms,0.53,0.025,2482.23809524,0.00579641721023,4297.02380952,0.886372995584,0.125
C0025286,Meningioma,0.4,0.15,3802.33333333,0.0141332845763,2964.25,0.799679740079,0.25
C0001925,Albuminuria,0.4,0.05,4498.65,0.0045266558256,4646.55,0.791189580722,0.15
C3714756,Intellectual Disability,0.117307692308,0.00769230769231,6126.80314961,0.00174487220003,8956.69291339,0.714918159302,0.0153846153846
C0235032,Neurotoxicity Syndromes,0.216666666667,0.0,6329.5,0.000917140814272,4365.30769231,0.711107240723,0.0333333333333
C0018213,Graves Disease,0.05,0.0,6451.26666667,0.000176416209585,8138.26666667,0.708225791477,0.0
C3495498,"Cardiomyopathy, Familial Hypertrophic, 1 (disorder)",0.6,0.2,2287.7,0.00597801448817,4925.0,0.893873857149,0.2
C0042487,Venous Thrombosis,0.8,0.3,1851.65,0.0776374068002,4278.9,0.914094349259,0.6
C0004238,Atrial Fibrillation,0.133333333333,0.05,6156.42307692,0.00387679660724,5006.84615385,0.73360890499,0.05
C0021364,Male infertility,0.405,0.025,5208.34883721,0.00265617496355,5119.20930233,0.762084921446,0.12
C0004364,Autoimmune Diseases,0.225,0.0,4573.66666667,0.000882890203097,5412.75757576,0.791605107477,0.025
C0004943,Behcet Syndrome,0.383333333333,0.05,4031.91666667,0.00338393852721,6099.33333333,0.82410021827,0.1
C0035126,Reperfusion Injury,0.45,0.0236111111111,2852.78823529,0.00441001768697,4344.58823529,0.868920312241,0.0833333333333
C0011853,"Diabetes Mellitus, Experimental",0.406363636364,0.0290909090909,3099.93396226,0.00712156633156,4167.08490566,0.856995096647,0.0663636363636
C0024117,Chronic Obstructive Airway Disease,0.23,0.0,6206.45652174,0.00108041790553,7386.86956522,0.717006647762,0.025
C0011854,"Diabetes Mellitus, Insulin-Dependent",0.155357142857,0.0,6614.1971831,0.00143863701971,8051.6056338,0.692007835667,0.0571428571429
C0311375,Arsenic Poisoning,0.106666666667,0.0166666666667,5968.71186441,0.00141860218377,6995.47457627,0.724148913077,0.0166666666667
C0242422,Parkinsonian Disorders,0.483333333333,0.0,3548.45454545,0.00262606915309,4819.04545455,0.828640198127,0.1
C0151744,Myocardial Ischemia,0.207720588235,0.0,4171.49404762,0.00330657039657,4791.86309524,0.805432200581,0.0176470588235
C0027540,Necrosis,0.24,0.02,4332.60784314,0.0214704454173,5272.88235294,0.800610837286,0.06
C0027626,Neoplasm Invasiveness,0.453846153846,0.024358974359,3350.95238095,0.00892792710563,4970.68253968,0.844120606502,0.128205128205
C0086445,Idiopathic Membranous Glomerulonephritis,0.15,0.0,7542.0625,0.000241845854946,6747.8125,0.633043962676,0.0
C0085207,Gestational Diabetes,0.2,0.1,4517.16666667,0.00260052458107,6535.58333333,0.776880946855,0.1
C0020517,Hypersensitivity,0.483333333333,0.047619047619,2821.42857143,0.0110327539902,5313.31746032,0.867272040481,0.192857142857
C0040427,Tooth Abnormalities,0.1,0.0,6693.5,0.000207500556766,6941.1,0.689399916462,0.0
C0007138,"Carcinoma, Transitional Cell",0.416666666667,0.0666666666667,3569.5483871,0.00855083893824,5054.38709677,0.834021648239,0.1
C0020459,Hyperinsulinism,0.4,0.0,3465.0,0.0024782882776,3295.1875,0.843623787197,0.2
C0027746,Nerve Degeneration,0.383928571429,0.0428571428571,3860.67567568,0.0184795673889,4655.66216216,0.822170353968,0.0982142857143
C0020557,Hypertriglyceridemia,0.3,0.1,5893.21428571,0.0046664617323,7567.71428571,0.701480759411,0.15
C0022521,Kartagener Syndrome,0.0833333333333,0.0,11764.5416667,0.00067158504107,12895.75,0.427251582842,0.05
C0598608,Hyperhomocysteinemia,0.35,0.0,5026.90909091,0.000904768712758,7489.0,0.76047526223,0.05
C0027092,Myopia,0.25,0.0,8496.72413793,0.000988231398937,6371.48275862,0.60557568438,0.0333333333333
C0020452,Hyperemia,0.2,0.0,2736.15384615,0.00097197135822,2513.38461538,0.864027107315,0.05
C0206698,Cholangiocarcinoma,0.4,0.0833333333333,3782.625,0.00487157778255,6235.0,0.827324726389,0.0833333333333
C0013604,Edema,0.166666666667,0.0,4476.08,0.000475549113655,4430.76,0.803264908044,0.0
C0042514,"Tachycardia, Ventricular",0.1,0.0,5815.3,0.000218699104853,6428.8,0.730157330487,0.0
C0334634,"Malignant lymphoma, lymphocytic, intermediate differentiation, diffuse",0.7,0.1,5704.07692308,0.00458630113025,3213.61538462,0.824962866691,0.3
C0019829,Hodgkin Disease,0.45,0.05,6879.8,0.00241708662868,4828.13333333,0.702871135456,0.05
C0009324,Ulcerative Colitis,0.261111111111,0.025,6027.61728395,0.00572413712816,7168.19753086,0.719738215527,0.075
C0005944,Metabolic Bone Disorder,0.3,0.0,4504.9,0.00235825948628,5063.9,0.79097322133,0.1
C0005941,"Bone Diseases, Developmental",0.0333333333333,0.0,7855.95833333,0.000212294027582,6854.45833333,0.637005216799,0.0
C0013421,Dystonia,0.1,0.0,6912.84615385,0.000303138673269,6086.69230769,0.668241737839,0.0
C1168401,Squamous cell carcinoma of the head and neck,0.266666666667,0.05,3725.83333333,0.00283171968065,5022.58333333,0.818894255329,0.1
C0021400,Influenza,0.22,0.02,7821.24,0.00164729350063,8586.12,0.636482075603,0.06
C0005586,Bipolar Disorder,0.240476190476,0.0333333333333,6547.01587302,0.00423550282621,7162.3968254,0.695666121664,0.0642857142857
C0002622,Amnesia,0.4,0.1,4408.17647059,0.0112212468161,4785.70588235,0.809011142061,0.15
C0034069,Pulmonary Fibrosis,0.5,0.04,2390.16666667,0.0069142056572,4469.08333333,0.890645078804,0.29
C0027765,nervous system disorder,0.176666666667,0.0,5813.84313725,0.000873953211425,4493.49019608,0.730272172107,0.0166666666667
C0037769,West Syndrome,0.15,0.0,5975.53333333,0.000503427287833,7560.33333333,0.713120880141,0.0
C0035828,Romano-Ward Syndrome,0.6,0.1,1664.07142857,0.0250685314455,4166.35714286,0.89280044562,0.55
C0018923,Hemangiosarcoma,0.85,0.15,1965.05555556,0.0149602802293,4103.05555556,0.917595988672,0.45
C0023892,Biliary cirrhosis,0.275,0.05,5868.28125,0.00298970774056,5605.4375,0.722804490902,0.116666666667
C0242350,Erectile dysfunction,0.5,0.0,2680.9,0.00338106048769,4285.5,0.875625377083,0.2
C0028754,Obesity,0.154769230769,0.0,6334.23643411,0.00334449045234,7393.94186047,0.703103255119,0.0272307692308
C0023418,leukemia,0.341666666667,0.0666666666667,3261.5625,0.00577461485478,5903.34375,0.849270228417,0.1
C2937358,Cerebral Hemorrhage,0.55,0.0,2354.0,0.00346708203927,4737.42857143,0.888283245854,0.1
C0023890,Liver Cirrhosis,0.513333333333,0.02,3143.81481481,0.00596432731239,3760.81481481,0.855800120913,0.12
C0860207,Drug-Induced Liver Injury,0.226515151515,0.0166666666667,5454.29411765,0.00275801301017,4471.58823529,0.746039954541,0.0348484848485
C0027643,"Neoplasm Recurrence, Local",0.366666666667,0.116666666667,3676.125,0.00609194932053,5191.70833333,0.834804718339,0.166666666667
C1961102,Precursor Cell Lymphoblastic Leukemia Lymphoma,0.33,0.07,4155.18604651,0.00362777785725,5338.95348837,0.806932462583,0.095
C0024299,Lymphoma,0.4,0.0,4353.68421053,0.00158249590061,5003.21052632,0.806066022843,0.15
Mean,,0.350383014182,0.0584778484975,4696.38028521,0.0129517664943,6054.82308889,0.782511943282,0.137009052158
Median,,0.317272727273,0.0166666666667,4456.0,0.00311161283888,5688.9047619,0.795359580296,0.0833333333333
STD,,0.210703188729,0.105205271451,2130.30056444,0.0467411471235,1968.64929287,0.100658514839,0.170261467243
